%parametros del sistema 
L=0.0238;
R=2.06;
beta= 12e-4;
J=1.07e-3;
Kt=0.0235;
Kv=0.02352;
Tl=0.03;
Tmax=0.00000001;
Tiempo=10;
